1 51 1
1 72 2
1 77 1
1 78 2
1 2 1
1 90 6
1 92 6
1 158 1
1 159 4
2 113 1
2 69 1
2 71 3
2 77 4
2 89 4
2 91 4
2 158 7
3 47 1
3 78 3
3 9 2
3 17 4
3 21 5
3 93 6
3 94 4
3 23 1
3 121 3
3 125 1
3 131 2
3 31 2
4 60 1
4 77 4
4 10 2
4 16 1
4 18 5
4 22 3
4 93 2
4 94 4
4 24 1
4 97 1
4 122 2
4 126 2
4 132 2
4 32 1
4 303 1
5 7 1
5 222 1
5 23 3
5 101 6
5 305 4
6 24 7
6 102 8
6 305 8
7 78 2
7 5 1
7 121 3
7 99 1
7 100 3
7 101 4
7 102 2
7 27 1
7 305 10
8 77 1
8 6 1
8 121 3
8 122 4
8 99 4
8 100 1
8 101 1
8 102 4
8 26 2
8 44 1
8 305 12
9 7 1
9 23 7
9 121 11
9 37 1
9 305 10
10 8 1
10 16 1
10 24 8
10 122 11
10 305 10
11 69 1
11 5 7
11 19 2
11 91 1
11 23 9
11 26 4
11 27 4
11 29 3
12 41 1
12 6 7
12 94 1
12 118 1
12 24 12
12 25 1
12 26 3
12 27 2
12 30 3
13 143 2
13 77 1
13 7 1
13 19 6
13 21 8
13 93 1
13 118 9
13 99 3
13 100 1
13 27 2
13 28 2
13 43 2
14 144 2
14 8 1
14 18 2
14 20 1
14 22 7
14 118 5
14 99 1
14 26 2
14 28 1
14 32 1
14 34 1
15 2 1
15 9 6
15 21 1
15 89 1
15 118 2
15 23 11
15 26 2
15 27 5
15 28 1
15 31 4
16 10 5
16 22 2
16 90 2
16 118 4
16 24 14
16 26 3
16 27 2
16 28 3
16 32 3
16 44 1
17 78 19
17 40 2
17 3 2
17 9 1
17 91 7
17 121 7
17 122 1
17 99 2
17 101 1
17 26 2
17 128 1
17 139 3
17 140 4
17 108 4
17 35 1
18 77 14
18 78 1
18 41 2
18 4 6
18 6 3
18 10 1
18 14 1
18 92 10
18 122 10
18 99 2
18 100 1
18 102 3
18 27 2
18 139 1
18 140 1
18 107 3
18 108 3
19 94 1
19 122 4
19 133 3
20 93 1
20 94 1
20 121 3
20 126 1
20 134 2
21 9 2
21 15 1
21 93 1
21 118 2
21 23 2
21 102 4
21 105 3
22 10 1
22 16 1
22 94 1
22 118 1
22 24 1
22 101 3
22 27 1
22 106 3
23 19 2
24 20 2
25 91 1
25 92 1
25 305 10
26 305 11
27 305 14
28 140 1
28 305 5
29 5 2
29 23 3
29 122 1
29 26 1
29 305 6
30 24 3
30 102 1
30 25 1
30 27 1
30 36 1
30 305 6
31 23 3
31 26 1
31 27 1
31 28 2
31 305 9
32 8 1
32 24 4
32 101 1
32 27 2
32 28 2
32 305 9
33 73 1
33 40 1
33 7 1
33 94 1
33 122 1
33 131 1
33 136 1
33 43 4
34 74 1
34 41 1
34 8 3
34 14 1
34 94 1
34 99 1
34 100 1
34 161 1
34 129 1
34 132 1
34 135 1
34 44 7
35 78 3
35 91 1
35 122 4
35 101 5
35 139 1
35 140 2
36 77 2
36 78 2
36 92 1
36 121 2
36 102 4
36 139 4
36 140 1
37 74 1
37 78 5
37 9 1
37 89 1
37 91 2
37 118 1
37 120 1
37 121 4
37 102 2
37 133 1
37 108 4
38 71 1
38 77 6
38 10 1
38 90 1
38 92 1
38 121 1
38 122 4
38 101 3
38 133 1
38 134 1
38 107 3
39 77 2
39 78 2
39 100 1
39 303 3
40 78 5
40 5 4
40 7 1
40 17 2
40 19 6
40 91 2
40 93 1
40 94 3
40 23 2
40 120 1
40 101 3
40 160 3
40 126 4
40 130 1
40 135 1
40 29 2
40 33 2
40 35 2
41 77 5
41 174 1
41 6 5
41 8 1
41 18 6
41 20 5
41 92 1
41 93 4
41 94 2
41 121 1
41 102 2
41 161 1
41 125 4
41 129 1
41 136 1
41 30 1
41 34 2
41 36 1
42 189 1
42 25 1
42 305 1
43 69 7
43 73 2
43 77 3
43 82 2
43 89 8
43 93 1
43 158 2
44 70 4
44 73 1
44 74 1
44 78 1
44 22 1
44 90 4
44 94 1
44 159 2
44 24 3
44 100 1
44 132 1
45 141 1
45 55 11
45 69 3
45 21 1
45 89 12
45 119 2
45 137 2
46 142 1
46 114 1
46 56 8
46 62 1
46 70 3
46 86 2
46 193 1
46 90 12
46 159 2
46 119 3
46 135 1
46 138 2
46 44 1
47 109 5
47 51 6
47 52 1
47 39 1
47 58 3
47 61 2
47 71 2
47 72 4
47 73 1
47 75 1
47 76 4
47 81 1
47 82 2
47 85 2
47 21 1
47 23 1
47 139 2
48 110 10
48 52 11
48 58 1
48 62 3
48 72 2
48 73 1
48 74 2
48 75 5
48 76 2
48 80 1
48 82 2
48 88 3
48 18 1
48 216 2
48 93 1
48 94 1
49 54 1
49 113 7
50 114 11
50 58 1
51 113 1
51 58 1
51 71 2
51 73 3
51 154 1
51 92 2
51 96 12
51 127 1
51 128 2
51 140 1
52 72 1
52 74 3
52 77 1
52 89 1
52 91 4
52 95 14
52 96 1
52 127 1
52 139 3
52 166 1
53 50 5
53 57 2
53 60 1
53 70 1
53 1 3
53 91 1
53 92 2
53 303 1
54 49 5
54 109 2
54 51 2
54 58 3
54 2 3
54 91 1
54 42 1
54 303 1
55 45 2
55 109 2
55 51 4
55 52 7
55 57 1
55 63 1
55 78 4
55 198 1
55 89 7
55 118 1
55 95 3
55 135 4
55 137 7
56 110 1
56 51 9
56 52 1
56 77 4
56 78 1
56 198 2
56 90 7
56 96 4
56 136 5
56 138 3
57 46 1
57 109 4
57 51 7
57 52 3
57 113 12
57 114 6
57 87 4
57 88 2
57 90 1
58 49 3
58 50 1
58 109 4
58 110 3
58 51 1
58 52 7
58 113 4
58 114 12
58 84 1
58 87 1
58 88 2
59 109 9
59 51 3
59 54 1
59 67 1
60 110 10
60 52 2
61 45 3
61 109 7
61 51 5
61 67 1
61 71 2
61 73 6
61 75 2
61 76 4
61 89 4
61 95 1
61 23 1
61 119 1
62 142 1
62 46 2
62 110 9
62 52 3
62 72 5
62 74 3
62 75 5
62 76 1
62 78 2
62 178 1
62 193 1
62 90 2
62 161 2
63 51 1
63 113 2
63 55 1
63 57 1
63 58 1
63 67 2
63 87 2
63 88 2
64 110 3
64 57 2
64 62 1
64 87 1
64 88 2
65 67 4
65 220 13
66 68 4
66 178 1
66 221 13
67 109 11
67 51 3
67 111 2
67 65 1
68 110 11
68 52 1
68 112 1
68 84 1
69 71 2
69 76 1
69 77 4
69 89 6
69 91 9
70 114 1
70 72 1
70 78 3
70 90 10
70 92 12
70 44 1
71 47 1
71 146 1
71 225 4
71 186 9
71 226 3
71 227 2
71 228 2
71 229 4
71 230 2
71 72 3
71 73 2
71 75 2
71 77 4
71 150 4
71 234 4
71 235 9
71 236 12
71 237 9
71 238 2
71 239 7
71 187 14
71 188 5
71 240 3
71 242 2
71 203 5
71 179 2
71 217 28
71 162 1
71 164 2
71 249 10
71 250 14
71 195 2
71 251 3
71 252 4
71 253 4
71 254 6
71 255 4
71 197 2
72 144 1
72 146 1
72 225 4
72 186 9
72 226 3
72 227 2
72 228 2
72 229 4
72 230 2
72 71 3
72 74 2
72 76 2
72 78 4
72 150 4
72 234 4
72 235 9
72 236 12
72 237 9
72 238 2
72 239 7
72 187 14
72 188 5
72 240 2
72 242 2
72 204 5
72 180 2
72 216 28
72 158 1
72 162 1
72 163 2
72 249 10
72 250 14
72 195 2
72 251 3
72 252 4
72 253 4
72 254 6
72 255 4
72 197 2
73 146 1
73 225 2
73 227 2
73 228 2
73 229 1
73 230 2
73 72 25
73 74 2
73 76 3
73 78 3
73 117 1
73 237 1
73 178 1
73 249 1
73 253 1
73 256 1
73 276 1
73 306 6
74 146 1
74 225 2
74 227 2
74 228 2
74 229 1
74 230 2
74 71 25
74 73 2
74 75 3
74 77 3
74 117 1
74 237 1
74 177 1
74 249 1
74 253 1
74 256 1
74 276 1
74 306 6
75 146 1
75 225 2
75 186 2
75 228 1
75 229 1
75 71 70
75 73 1
75 76 2
75 150 3
75 234 2
75 235 6
75 236 4
75 237 3
75 187 1
75 188 1
75 241 1
75 200 1
75 203 3
75 215 1
75 216 1
75 162 3
75 163 6
75 250 1
75 251 1
75 252 3
75 254 1
75 255 2
76 146 1
76 225 2
76 186 2
76 228 1
76 229 1
76 72 70
76 74 1
76 75 2
76 150 3
76 234 2
76 235 6
76 236 4
76 237 3
76 187 1
76 188 1
76 241 1
76 200 1
76 204 3
76 215 1
76 217 1
76 162 3
76 164 6
76 250 1
76 251 1
76 252 3
76 254 1
76 255 2
77 146 5
77 226 2
77 227 1
77 71 44
77 75 1
77 150 12
77 234 6
77 235 4
77 236 1
77 240 2
77 199 1
77 216 1
77 162 8
77 163 17
77 165 6
77 251 2
77 252 5
77 253 1
77 255 1
77 169 1
77 276 1
78 146 5
78 226 2
78 227 1
78 72 44
78 76 1
78 150 12
78 234 6
78 235 4
78 236 1
78 240 2
78 199 1
78 217 1
78 162 8
78 164 17
78 165 6
78 251 2
78 252 5
78 253 1
78 255 1
78 169 1
78 276 1
79 46 3
79 74 2
79 75 1
79 148 5
79 80 2
79 81 4
79 82 1
79 86 1
79 193 1
79 221 2
79 96 1
79 119 3
79 136 2
79 138 2
79 168 1
80 48 2
80 145 1
80 73 1
80 76 1
80 147 5
80 79 2
80 81 1
80 82 2
80 192 4
80 220 2
80 158 1
80 119 3
80 135 1
80 137 1
80 168 1
81 71 2
81 73 1
81 74 5
81 75 3
81 78 4
81 148 1
81 80 1
81 178 1
81 216 1
81 217 3
81 219 2
81 221 1
81 157 1
81 120 2
81 164 1
82 72 2
82 73 4
82 74 1
82 76 4
82 77 4
82 147 1
82 79 1
82 81 1
82 172 1
82 177 1
82 216 2
82 217 4
82 218 1
82 220 1
82 163 1
83 141 1
83 49 5
83 113 1
83 55 10
83 57 4
83 59 1
83 85 1
84 46 3
84 50 9
84 114 2
84 56 7
84 57 1
84 58 2
84 86 2
84 157 2
84 119 1
85 45 8
85 52 1
85 55 7
85 73 1
85 89 3
85 136 1
86 46 4
86 56 4
86 60 1
86 74 2
86 90 1
86 119 2
86 138 1
87 109 2
87 110 4
87 51 1
87 52 1
87 113 13
87 71 1
87 89 2
88 48 1
88 110 2
88 51 1
88 52 3
88 113 4
88 114 9
88 87 2
89 90 1
89 97 2
89 98 3
89 121 10
89 122 6
89 99 6
89 100 5
89 101 7
89 102 10
89 129 1
89 139 9
89 140 8
89 107 3
89 108 12
90 4 1
90 8 1
90 97 2
90 121 12
90 122 8
90 99 5
90 100 7
90 101 4
90 102 9
90 128 1
90 129 1
90 130 1
90 131 1
90 139 6
90 140 10
90 107 13
90 108 7
91 52 1
91 69 1
91 71 1
91 74 1
91 76 1
91 77 2
91 78 5
91 89 3
91 108 2
92 51 1
92 72 2
92 77 4
92 90 2
92 118 1
92 139 1
93 71 5
93 72 6
93 95 1
93 96 2
93 98 1
93 124 1
93 135 2
93 139 3
93 140 4
93 108 1
94 142 1
94 71 5
94 72 3
94 136 1
94 139 2
94 140 3
94 107 2
94 108 1
95 71 1
95 73 2
95 74 3
95 91 1
95 120 1
95 99 1
95 100 3
95 124 1
95 128 1
95 103 3
95 104 2
95 140 5
95 107 1
95 305 4
96 142 1
96 51 4
96 71 2
96 73 2
96 74 5
96 81 1
96 115 1
96 92 1
96 120 1
96 99 2
96 100 1
96 124 2
96 103 3
96 104 3
96 139 2
96 140 3
96 305 4
97 89 1
97 90 1
97 99 2
97 101 1
97 128 3
97 132 3
97 138 1
97 140 1
97 305 4
98 89 2
98 90 2
98 121 1
98 100 1
98 102 1
98 28 1
98 127 2
98 131 2
98 139 2
98 108 2
98 305 5
99 18 1
99 89 5
99 90 3
99 122 1
99 100 2
99 123 1
99 305 11
100 115 1
100 89 5
100 90 7
100 121 1
100 99 1
100 305 4
101 90 1
101 121 1
101 122 6
101 305 7
102 121 10
102 134 1
102 305 9
103 71 15
103 18 1
103 95 2
103 96 9
103 124 2
103 140 6
104 72 11
104 95 4
104 96 1
104 139 6
105 306 1
106 306 1
107 222 1
107 89 3
107 90 7
107 97 1
107 122 1
107 140 4
107 305 2
108 89 8
108 90 4
108 98 1
108 121 2
108 139 2
108 305 3
109 141 1
109 51 11
109 111 2
109 55 2
109 58 2
109 59 1
109 67 3
109 88 1
109 177 1
109 156 1
110 142 1
110 48 1
110 52 12
110 56 1
110 58 1
110 84 1
110 88 1
110 157 2
111 109 5
111 170 1
111 59 2
111 67 2
111 74 2
111 75 1
111 76 1
111 78 1
111 147 4
111 148 1
111 79 1
111 80 2
111 81 1
111 220 1
111 156 1
111 137 1
111 303 2
112 110 4
112 60 2
112 66 2
112 68 2
112 76 1
112 147 3
112 148 2
112 82 1
112 177 1
112 178 2
112 157 1
112 161 2
112 303 1
113 55 13
113 83 3
113 87 1
113 88 1
113 178 1
113 89 5
113 91 5
114 46 1
114 56 6
114 84 1
114 177 1
114 90 4
114 92 4
115 73 1
115 77 2
115 78 1
115 172 1
115 198 1
115 180 4
115 183 1
115 221 1
115 95 2
115 96 1
115 128 1
115 132 1
115 306 5
116 198 1
116 179 4
116 183 1
116 192 1
116 220 1
116 95 3
116 96 3
116 127 1
116 136 1
116 139 1
116 140 2
116 108 1
116 306 5
117 146 1
117 78 1
117 148 1
117 234 1
117 153 1
117 189 2
117 193 1
117 224 1
117 162 5
117 164 7
117 196 3
117 305 6
118 46 1
118 55 5
118 56 4
118 70 1
118 2 1
118 40 1
118 41 1
118 3 1
118 4 2
118 14 1
118 19 3
118 20 3
118 21 3
118 22 7
118 89 12
118 90 9
118 91 5
118 92 4
118 23 5
118 24 5
118 27 1
118 28 1
118 38 1
118 303 1
119 55 6
119 56 5
119 145 1
119 69 1
119 2 1
119 198 3
119 177 1
119 89 6
119 90 1
119 43 5
119 44 2
120 77 8
120 78 6
120 115 1
120 116 3
120 117 2
120 40 1
120 41 2
120 3 2
120 4 1
120 18 1
120 91 3
120 92 6
120 95 2
120 96 4
120 121 1
120 99 2
120 100 5
120 139 1
120 140 1
120 107 1
120 108 1
120 38 1
121 102 7
121 305 8
122 101 10
122 305 10
123 51 1
123 115 1
123 116 4
123 99 5
123 100 1
123 161 1
123 305 5
124 52 1
124 115 1
124 116 3
124 100 2
124 305 4
125 100 1
125 305 8
126 27 1
126 160 1
126 305 7
127 51 1
127 71 5
127 95 3
127 96 5
127 160 1
128 52 1
128 72 3
128 17 1
128 95 4
128 96 5
128 123 1
128 160 1
129 306 1
130 306 1
131 306 1
132 306 1
133 306 1
134 306 1
135 72 1
135 25 4
135 104 2
135 305 9
136 71 1
136 25 3
136 103 2
136 305 9
137 214 1
137 28 5
137 127 3
137 305 4
138 213 3
138 28 3
138 128 4
138 305 4
139 89 1
139 90 1
139 108 1
139 305 3
140 89 2
140 90 1
140 305 3
141 51 1
141 52 2
141 72 1
141 73 4
141 74 5
141 77 1
141 82 4
141 155 1
141 95 3
141 23 2
141 107 2
142 73 3
142 74 4
142 77 1
142 81 3
142 96 4
142 24 1
142 98 1
142 108 2
143 141 1
143 71 2
143 72 3
143 77 1
143 173 1
143 40 1
143 154 2
143 7 1
143 13 2
143 17 2
143 89 1
143 156 1
143 158 5
143 159 6
143 118 2
143 97 1
143 98 1
143 99 2
143 160 3
143 125 1
143 130 1
143 106 1
143 136 1
143 33 1
144 142 1
144 143 2
144 71 5
144 72 1
144 76 1
144 78 1
144 82 1
144 116 1
144 41 1
144 154 1
144 155 2
144 18 2
144 158 7
144 159 4
144 118 1
144 100 2
144 161 2
144 104 1
145 71 5
145 72 3
145 73 4
145 74 5
145 75 1
145 76 1
145 81 1
145 1 2
145 2 2
145 198 1
145 216 1
145 217 2
145 192 1
145 89 3
145 90 2
145 43 1
146 150 1
146 168 1
146 305 1
147 73 5
147 148 5
147 149 2
147 80 6
147 82 4
147 117 1
147 177 1
147 179 1
147 220 2
147 166 1
147 275 1
147 305 2
148 73 1
148 74 8
148 147 4
148 149 2
148 80 5
148 81 4
148 117 1
148 178 2
148 180 1
148 220 1
148 275 1
148 305 2
149 71 3
149 72 1
149 73 4
149 75 1
149 76 1
149 78 1
149 147 1
149 82 1
149 187 2
149 199 1
149 205 2
149 206 1
149 216 1
149 217 1
149 218 2
149 219 2
149 192 1
149 193 1
149 220 1
149 221 1
149 250 2
149 306 2
150 168 1
150 169 1
150 305 10
151 146 1
151 226 1
151 153 4
151 168 1
151 169 9
151 276 22
151 277 7
151 305 22
152 227 1
152 153 1
152 245 4
152 169 1
152 276 9
152 277 22
152 278 7
152 305 22
153 150 2
153 168 1
153 169 1
153 305 29
154 143 1
154 144 2
154 51 1
154 52 2
154 71 13
154 72 18
154 73 4
154 74 5
154 75 6
154 76 14
154 198 1
154 155 1
155 144 2
155 52 1
155 71 10
155 72 4
155 73 4
155 74 2
155 75 10
155 76 2
155 77 3
155 78 2
155 198 1
155 154 1
155 216 2
155 166 1
155 306 3
156 170 2
156 73 10
156 74 1
156 80 1
156 82 2
156 192 3
156 95 2
156 96 1
157 62 2
157 73 1
157 74 16
157 147 1
157 79 1
157 81 1
157 82 2
157 178 1
157 216 1
157 217 1
157 193 4
157 96 4
157 24 1
158 55 2
158 56 1
158 201 1
158 77 1
158 78 2
158 115 1
158 2 2
158 200 1
158 91 1
158 119 2
158 123 1
158 126 3
159 56 2
159 202 1
159 78 2
159 115 4
159 116 1
159 2 1
159 92 1
159 119 1
159 125 4
160 141 1
160 52 1
160 170 1
160 201 1
160 67 1
160 71 1
160 74 2
160 77 2
160 40 1
160 99 1
160 100 3
160 101 4
160 126 1
160 131 1
160 133 2
160 137 2
160 43 1
160 305 5
161 142 1
161 202 1
161 62 1
161 72 1
161 74 1
161 75 1
161 78 3
161 81 1
161 119 1
161 99 3
161 100 3
161 101 1
161 102 4
161 44 1
161 305 3
162 251 1
163 306 1
164 306 1
165 153 8
165 251 1
165 166 1
165 168 3
165 305 10
166 52 1
166 153 1
166 95 1
166 123 2
166 127 9
166 128 4
166 162 1
166 165 3
166 251 1
166 252 1
166 168 2
166 169 1
166 305 5
167 153 19
167 245 1
167 251 1
167 269 1
167 169 6
167 276 4
167 305 23
168 153 1
168 165 2
168 305 8
169 227 2
169 167 2
169 305 8
170 76 1
170 77 1
170 173 5
170 40 3
170 3 1
170 216 4
170 217 2
170 122 1
170 160 1
170 184 1
171 174 5
171 41 1
171 4 1
171 217 2
171 121 1
171 129 1
172 144 3
172 73 6
172 74 5
172 82 1
172 173 3
172 174 4
172 150 2
172 216 4
172 217 6
172 222 3
172 42 1
172 133 1
173 143 4
173 72 2
173 79 1
173 82 1
173 177 4
173 216 2
173 218 1
173 219 2
173 127 2
173 29 1
173 303 1
174 143 1
174 144 1
174 171 1
174 71 5
174 79 1
174 81 2
174 178 7
174 216 2
174 217 2
174 218 4
174 219 1
174 128 1
174 185 1
174 30 1
175 306 1
176 306 1
177 109 2
177 55 2
177 56 1
177 229 1
177 61 1
177 62 2
177 66 1
177 67 1
177 75 3
177 147 6
177 81 2
177 85 2
177 86 2
177 237 1
177 178 3
177 156 3
177 95 2
177 162 1
177 163 3
177 255 1
177 269 2
177 272 10
177 305 25
178 51 1
178 52 1
178 55 1
178 56 1
178 229 1
178 61 2
178 75 3
178 147 2
178 81 1
178 85 1
178 174 2
178 237 2
178 238 1
178 242 1
178 177 1
178 219 2
178 221 1
178 157 3
178 96 1
178 161 1
178 162 1
178 163 3
178 254 1
178 255 1
178 269 4
178 270 2
178 272 5
178 305 24
179 115 22
179 198 61
179 180 1
179 216 2
179 183 1
179 222 2
179 258 1
179 306 4
180 116 22
180 198 61
180 179 1
180 217 2
180 183 1
180 222 2
180 258 1
180 306 4
181 71 27
181 198 3
181 217 28
181 182 1
181 306 1
182 72 27
182 198 3
182 216 28
182 181 1
182 306 1
183 115 11
183 172 1
183 198 3
183 179 10
183 216 2
183 222 2
183 306 1
184 52 1
184 170 1
184 71 2
184 72 3
184 77 1
184 154 1
184 94 1
184 120 2
184 123 1
185 47 1
185 51 2
185 71 2
185 73 5
185 74 4
185 198 3
185 125 2
185 126 1
186 235 1
186 187 1
186 188 1
186 274 2
186 275 16
186 305 15
187 188 1
187 189 1
187 275 23
187 196 1
187 305 29
188 189 1
188 275 23
188 196 1
188 305 29
189 187 2
189 275 1
189 196 1
189 305 29
190 188 1
190 189 1
190 219 1
190 305 1
191 189 1
191 305 1
192 141 1
192 145 1
192 71 2
192 72 2
192 73 5
192 74 6
192 76 2
192 78 1
192 80 2
192 117 4
192 245 1
192 200 2
192 217 4
192 221 1
192 158 2
192 306 3
193 46 1
193 145 1
193 71 1
193 72 2
193 73 3
193 74 7
193 77 1
193 79 3
193 117 4
193 245 1
193 200 2
193 216 5
193 217 7
193 220 1
193 90 2
193 159 1
193 96 1
193 306 3
194 306 1
195 186 2
195 187 3
195 188 5
195 244 4
195 189 2
195 203 2
195 216 2
195 217 3
195 250 1
195 196 2
195 197 11
195 305 14
196 195 1
196 305 8
197 195 1
197 305 8
198 55 3
198 145 3
198 69 1
198 70 1
198 71 3
198 73 1
198 77 8
198 78 6
198 152 1
198 240 3
198 241 1
198 242 1
198 244 2
198 180 2
198 216 5
198 222 2
198 89 1
198 90 2
198 96 1
198 119 1
198 128 1
198 103 1
198 104 1
198 135 3
198 136 2
198 137 3
198 138 2
198 195 1
198 166 1
198 260 2
199 51 2
199 52 5
199 115 7
199 116 7
199 117 2
199 187 2
199 189 4
199 200 5
199 190 1
199 193 2
199 158 2
199 159 3
199 118 1
199 28 1
199 123 2
199 124 4
199 136 1
199 305 5
199 306 5
200 51 1
200 52 3
200 71 5
200 72 7
200 73 1
200 115 2
200 116 1
200 199 1
200 91 1
200 158 5
200 159 5
200 123 2
200 124 4
201 103 3
201 136 2
201 107 1
202 126 1
202 104 3
202 135 1
202 140 1
202 107 1
203 71 5
203 72 4
203 75 4
203 76 2
203 81 1
203 207 1
203 218 1
203 223 1
204 71 3
204 72 7
204 75 1
204 76 3
204 82 1
204 215 1
204 217 3
204 222 1
204 223 1
205 76 1
205 147 3
205 149 5
205 79 1
205 80 1
205 187 1
205 198 2
205 206 5
205 207 5
205 208 4
205 220 2
206 149 3
206 80 1
206 198 2
206 205 6
206 207 1
206 208 5
206 220 2
207 71 9
207 72 6
207 75 1
207 208 1
207 216 13
207 195 2
208 71 7
208 72 7
208 75 1
208 76 1
208 207 1
208 216 6
208 217 3
208 195 1
209 71 1
209 198 5
209 203 1
209 216 2
209 195 1
210 80 1
210 188 6
210 198 7
210 204 1
210 209 1
210 217 8
210 195 1
211 177 2
212 71 5
212 75 4
212 198 5
212 178 2
212 180 5
212 217 1
213 127 5
213 137 6
214 128 3
214 138 5
215 71 7
215 72 7
215 76 23
215 149 1
215 203 1
215 219 1
216 146 1
216 226 2
216 71 7
216 72 9
216 73 4
216 74 16
216 75 3
216 76 6
216 77 2
216 78 1
216 81 3
216 117 1
216 234 1
216 152 4
216 240 5
216 241 7
216 242 3
216 244 4
216 198 4
216 204 1
216 179 1
216 217 3
216 222 1
216 223 1
216 42 5
216 120 2
216 133 2
216 260 1
216 261 1
216 262 4
216 263 1
216 264 5
216 265 3
216 266 2
217 145 1
217 146 1
217 226 2
217 71 8
217 72 10
217 73 9
217 74 6
217 75 6
217 76 1
217 77 3
217 78 1
217 117 1
217 234 1
217 152 4
217 240 5
217 241 7
217 242 3
217 244 4
217 198 4
217 154 1
217 203 1
217 180 1
217 216 1
217 222 1
217 224 1
217 42 4
217 134 1
217 260 1
217 261 1
217 262 4
217 263 1
217 264 5
217 265 3
217 266 2
218 72 6
218 74 3
218 76 6
218 78 3
218 148 1
218 149 1
218 81 3
218 82 7
218 117 4
218 174 3
218 153 2
218 245 1
218 215 3
218 217 2
218 219 4
218 194 2
218 223 3
218 157 1
218 269 2
218 270 1
218 196 1
218 276 2
218 277 4
218 305 7
218 306 2
219 72 6
219 74 3
219 76 6
219 78 3
219 148 1
219 149 1
219 81 2
219 82 7
219 117 4
219 173 2
219 174 3
219 153 2
219 245 1
219 215 3
219 217 2
219 218 5
219 194 2
219 224 3
219 157 1
219 269 2
219 270 1
219 196 1
219 276 2
219 277 4
219 305 7
219 306 2
220 109 6
220 65 1
220 67 4
220 117 1
220 153 1
220 199 1
220 200 1
220 177 3
220 160 1
220 168 1
220 303 1
221 110 7
221 68 4
221 148 1
221 117 1
221 153 1
221 199 1
221 200 1
221 178 1
221 157 1
221 168 1
221 303 1
222 73 4
222 74 3
222 81 2
222 82 2
222 116 1
222 188 1
222 152 1
222 240 1
222 198 1
222 5 1
222 6 1
222 9 1
222 10 1
222 180 1
222 217 1
222 23 4
222 24 3
222 162 1
223 71 1
223 75 1
223 82 1
223 216 1
223 194 3
223 224 1
223 195 1
224 72 1
224 76 1
224 81 1
224 217 1
224 194 3
224 223 1
224 195 1
225 239 1
225 274 16
225 282 2
225 305 15
226 234 1
226 169 1
226 305 15
227 235 1
227 169 2
227 276 16
227 305 15
228 276 2
228 277 16
228 305 15
229 236 1
229 277 2
229 278 16
229 305 15
230 237 1
230 278 2
230 279 16
230 305 15
231 279 2
231 280 16
231 305 15
232 238 1
232 280 2
232 281 16
232 305 15
233 281 2
233 282 16
233 305 15
234 153 1
234 168 1
234 169 23
234 276 6
234 305 29
235 236 1
235 245 1
235 276 23
235 277 6
235 305 29
236 237 1
236 246 1
236 277 23
236 278 6
236 279 1
236 305 29
237 238 1
237 247 1
237 279 23
237 280 1
237 305 29
238 239 1
238 247 1
238 281 23
238 282 1
238 305 29
239 187 1
239 189 1
239 274 23
239 275 1
239 305 29
240 228 1
240 245 4
240 246 9
240 276 1
240 277 9
240 278 22
240 279 7
240 305 22
241 229 1
241 230 1
241 246 4
241 247 9
241 277 1
241 278 9
241 279 22
241 280 7
241 305 22
242 231 1
242 232 1
242 247 4
242 248 9
242 278 1
242 279 9
242 280 22
242 281 7
242 305 22
243 233 1
243 248 4
243 189 9
243 279 1
243 280 9
243 281 22
243 282 7
243 305 22
244 225 1
244 186 1
244 189 4
244 274 22
244 275 7
244 281 1
244 282 9
244 305 22
245 235 2
245 276 1
245 277 1
245 305 29
246 236 2
246 278 1
246 279 1
246 305 29
247 238 2
247 280 1
247 281 1
247 305 29
248 239 2
248 274 1
248 282 1
248 305 29
249 248 8
249 250 1
249 305 10
250 189 8
250 195 1
250 274 3
250 275 2
250 305 10
251 153 8
251 252 1
251 168 1
251 169 3
251 305 10
252 153 18
252 245 11
252 253 1
252 169 3
252 276 2
252 305 31
253 245 8
253 254 1
253 277 1
253 305 10
254 246 8
254 255 1
254 277 3
254 278 2
254 305 10
255 246 8
255 256 1
255 305 10
256 247 8
256 257 1
256 279 3
256 280 2
256 305 10
257 247 8
257 258 1
257 305 10
258 248 8
258 249 1
258 281 3
258 282 2
258 305 30
259 248 6
259 189 15
259 305 18
260 189 15
260 195 1
260 305 18
261 245 15
261 305 18
262 245 6
262 246 15
262 305 18
263 246 15
263 305 18
264 246 6
264 247 15
264 305 18
265 247 15
265 305 18
266 247 6
266 248 15
266 305 18
267 248 15
267 305 18
268 153 1
268 178 1
268 269 1
268 168 1
268 305 4
269 245 4
269 178 1
269 168 1
269 277 2
269 305 10
270 117 1
270 153 2
270 245 4
270 246 4
270 247 10
270 178 1
270 221 3
270 194 1
270 268 2
270 269 1
270 271 1
270 168 1
270 169 1
270 276 1
270 277 2
270 278 4
270 279 3
270 280 5
270 305 8
271 147 1
271 148 1
271 247 2
271 199 2
271 200 2
271 272 2
271 305 8
272 147 1
272 148 1
272 199 1
272 200 2
272 270 1
272 271 1
272 305 10
273 117 1
273 245 1
273 246 1
273 247 1
273 248 1
273 178 1
273 220 1
273 272 1
273 274 1
273 275 1
273 196 1
273 197 1
273 280 1
273 281 1
273 282 1
273 305 11
274 305 8
275 305 8
276 227 2
276 167 2
276 305 25
277 305 25
278 305 25
279 305 25
280 305 25
281 305 25
282 305 25
291 305 1
292 305 1
293 305 1
294 305 1
295 305 1
296 305 1
297 305 1
298 305 1
299 305 1
300 305 1
301 306 1
302 306 1
