 1 3 4
 1 8 4
 1 9 5
 1 12 3
 1 15 4
 1 23 4
 1 26 4
 1 31 3
 1 32 4
 1 37 3
 1 46 3
 2 1 4
 2 5 2
 2 6 3
 2 7 5
 2 8 5
 2 11 4
 2 13 5
 2 14 5
 2 16 4
 2 18 4
 2 19 5
 2 20 5
 2 22 3
 2 25 3
 2 26 3
 2 27 5
 2 28 4
 2 29 5
 2 31 4
 2 33 5
 2 34 5
 2 35 4
 2 37 5
 2 38 4
 2 41 4
 2 43 4
 2 45 5
 3 1 4
 3 4 3
 3 8 3
 3 9 5
 3 12 3
 3 22 3
 3 31 3
 3 32 4
 3 33 3
 3 37 3
 3 46 5
 4 8 4
 4 31 4
 4 32 4
 4 33 3
 4 40 4
 5 2 4
 5 6 4
 5 13 2
 5 14 4
 5 17 4
 5 19 5
 5 20 4
 5 21 4
 5 23 4
 5 25 4
 5 26 5
 5 27 4
 5 28 4
 5 29 4
 5 34 3
 5 36 4
 5 38 3
 5 39 4
 5 44 4
 5 45 5
 6 2 3
 6 5 5
 6 6 5
 6 7 4
 6 11 1
 6 13 3
 6 14 2
 6 17 5
 6 19 5
 6 20 4
 6 21 5
 6 23 5
 6 25 5
 6 26 5
 6 27 2
 6 28 4
 6 29 1
 6 35 1
 6 36 5
 6 38 3
 6 39 5
 6 44 5
 6 45 5
 7 2 5
 7 8 4
 7 11 4
 7 13 4
 7 14 5
 7 19 4
 7 20 5
 7 23 3
 7 26 3
 7 27 3
 7 28 3
 7 29 5
 7 34 5
 7 35 5
 7 38 3
 7 45 4
 8 1 5
 8 2 4
 8 3 4
 8 4 5
 8 7 4
 8 9 4
 8 10 4
 8 11 3
 8 12 4
 8 15 3
 8 16 4
 8 18 4
 8 19 2
 8 20 4
 8 22 4
 8 29 4
 8 31 5
 8 32 4
 8 33 5
 8 34 4
 8 37 3
 8 38 4
 8 40 4
 8 41 4
 8 42 3
 8 43 4
 8 45 3
 8 46 3
 9 1 5
 9 3 4
 9 4 3
 9 8 4
 9 10 3
 9 12 4
 9 15 3
 9 16 3
 9 18 3
 9 31 3
 9 32 4
 9 33 4
 9 37 4
 9 40 2
 9 46 2
 10 1 5
 10 2 4
 10 4 3
 10 8 5
 10 9 4
 10 11 3
 10 12 3
 10 14 3
 10 17 3
 10 18 4
 10 19 3
 10 20 4
 10 23 5
 10 28 4
 10 31 5
 10 33 4
 10 34 4
 10 37 5
 10 38 5
 10 40 4
 10 41 5
 10 42 4
 10 43 4
 10 44 3
 10 45 3
 11 2 5
 11 4 4
 11 7 2
 11 8 4
 11 12 3
 11 13 4
 11 14 4
 11 16 4
 11 18 3
 11 19 4
 11 20 4
 11 26 3
 11 27 3
 11 28 2
 11 29 3
 11 31 4
 11 33 2
 11 35 3
 11 38 5
 11 45 3
 12 1 4
 12 3 4
 12 8 4
 12 9 4
 12 22 4
 12 31 4
 12 32 4
 12 33 4
 12 34 3
 12 37 4
 12 40 3
 12 41 3
 12 46 5
 13 2 5
 13 7 4
 13 11 4
 13 17 3
 13 18 5
 13 20 5
 13 21 5
 13 25 4
 13 26 4
 13 27 4
 13 28 5
 13 29 5
 13 34 5
 13 35 5
 13 38 5
 14 2 5
 14 5 2
 14 6 2
 14 7 5
 14 8 5
 14 11 3
 14 19 3
 14 20 4
 14 22 3
 14 23 3
 14 27 3
 14 28 3
 14 31 3
 14 33 4
 14 35 2
 14 38 4
 14 41 5
 14 45 3
 15 1 5
 15 4 3
 15 8 4
 15 9 3
 15 22 3
 15 33 4
 15 37 4
 15 40 4
 16 2 4
 16 4 4
 16 8 5
 16 9 4
 16 11 2
 16 12 4
 16 14 3
 16 18 5
 16 20 4
 16 31 5
 16 33 5
 16 34 5
 16 37 5
 16 40 5
 17 2 3
 17 5 5
 17 6 5
 17 10 4
 17 13 3
 17 19 5
 17 20 4
 17 21 4
 17 23 5
 17 25 5
 17 26 5
 17 28 5
 17 29 3
 17 36 4
 17 38 4
 17 39 5
 17 44 5
 17 45 5
 18 1 5
 18 2 5
 18 5 3
 18 8 5
 18 9 5
 18 10 5
 18 11 3
 18 13 3
 18 15 3
 18 16 3
 18 20 5
 18 22 5
 18 25 5
 18 27 3
 18 28 3
 18 29 2
 18 31 5
 18 33 5
 18 34 5
 18 35 3
 18 37 5
 18 38 5
 18 40 3
 19 2 3
 19 5 5
 19 6 5
 19 7 3
 19 8 3
 19 11 3
 19 13 3
 19 14 4
 19 17 5
 19 18 3
 19 20 4
 19 21 5
 19 23 5
 19 25 5
 19 26 5
 19 27 4
 19 28 5
 19 29 5
 19 34 3
 19 35 3
 19 36 5
 19 38 5
 19 39 5
 19 41 4
 19 44 5
 19 45 5
 20 1 5
 20 2 5
 20 4 5
 20 5 3
 20 6 4
 20 7 4
 20 8 4
 20 9 3
 20 10 3
 20 11 4
 20 12 3
 20 13 5
 20 14 4
 20 17 3
 20 18 4
 20 19 4
 20 20 5
 20 21 3
 20 22 3
 20 23 3
 20 25 3
 20 26 3
 20 27 4
 20 28 4
 20 29 4
 20 31 4
 20 33 3
 20 34 4
 20 35 4
 20 36 3
 20 37 4
 20 38 5
 20 39 3
 20 41 4
 20 43 5
 20 44 3
 20 45 4
 21 2 3
 21 5 4
 21 6 5
 21 17 5
 21 19 4
 21 20 4
 21 23 4
 21 25 4
 21 26 4
 21 27 3
 21 28 5
 21 29 5
 21 36 4
 21 39 4
 21 44 5
 21 45 5
 22 1 3
 22 2 4
 22 3 3
 22 4 4
 22 5 3
 22 6 3
 22 7 3
 22 8 5
 22 9 3
 22 10 3
 22 11 3
 22 12 5
 22 13 3
 22 14 3
 22 15 5
 22 16 3
 22 17 3
 22 18 4
 22 19 3
 22 20 3
 22 21 3
 22 23 3
 22 24 3
 22 25 3
 22 26 3
 22 27 3
 22 28 3
 22 29 3
 22 30 3
 22 31 4
 22 32 4
 22 33 5
 22 34 4
 22 35 3
 22 36 3
 22 37 4
 22 38 5
 22 39 3
 22 40 5
 22 41 3
 22 42 3
 22 43 3
 22 44 3
 22 45 4
 22 46 5
 23 1 4
 23 2 3
 23 5 4
 23 6 4
 23 7 4
 23 10 4
 23 11 4
 23 13 3
 23 14 4
 23 17 4
 23 19 4
 23 20 3
 23 21 3
 23 25 4
 23 26 4
 23 27 4
 23 28 4
 23 29 4
 23 31 3
 23 34 3
 23 35 4
 23 36 4
 23 38 4
 23 39 4
 23 44 4
 23 45 4
 25 2 3
 25 5 4
 25 6 4
 25 7 2
 25 11 2
 25 13 3
 25 14 3
 25 17 3
 25 18 3
 25 19 4
 25 20 4
 25 21 3
 25 23 4
 25 26 4
 25 28 3
 25 34 3
 25 35 3
 25 36 4
 25 39 4
 25 42 3
 25 44 3
 25 45 4
 26 1 4
 26 2 3
 26 5 5
 26 6 5
 26 7 3
 26 9 3
 26 11 4
 26 13 3
 26 17 5
 26 18 3
 26 19 5
 26 20 4
 26 21 4
 26 23 5
 26 25 5
 26 26 5
 26 27 3
 26 28 5
 26 29 3
 26 31 3
 26 33 3
 26 34 4
 26 35 3
 26 36 5
 26 38 5
 26 39 5
 26 44 5
 26 45 5
 27 2 5
 27 5 5
 27 6 4
 27 7 5
 27 11 3
 27 13 4
 27 14 5
 27 17 4
 27 18 5
 27 19 4
 27 20 5
 27 21 3
 27 23 4
 27 25 4
 27 26 4
 27 28 4
 27 29 5
 27 34 4
 27 35 5
 27 36 3
 27 38 5
 27 39 4
 27 44 3
 27 45 5
 28 2 2
 28 5 3
 28 6 3
 28 7 2
 28 10 2
 28 11 2
 28 13 2
 28 14 2
 28 17 3
 28 18 3
 28 19 3
 28 20 3
 28 21 2
 28 23 3
 28 25 2
 28 26 3
 28 27 2
 28 29 3
 28 36 3
 28 37 1
 28 38 2
 28 39 2
 28 44 1
 28 45 3
 29 2 4
 29 5 1
 29 6 1
 29 7 4
 29 8 1
 29 11 3
 29 13 5
 29 14 3
 29 17 2
 29 18 2
 29 19 2
 29 20 4
 29 21 3
 29 23 3
 29 25 2
 29 26 2
 29 27 4
 29 28 5
 29 34 4
 29 35 4
 29 36 2
 29 38 4
 29 39 2
 29 44 2
 29 45 2
 30 24 3
 31 1 4
 31 2 4
 31 4 4
 31 7 3
 31 8 4
 31 9 3
 31 10 4
 31 12 4
 31 18 4
 31 20 4
 31 22 4
 31 23 3
 31 28 3
 31 33 4
 31 34 4
 31 37 3
 31 38 5
 31 40 4
 31 41 4
 31 43 4
 31 45 4
 32 1 5
 32 3 4
 32 4 5
 32 8 5
 32 9 4
 32 12 4
 32 33 4
 32 34 3
 32 37 2
 32 40 5
 32 41 2
 32 46 3
 33 1 3
 33 2 4
 33 4 4
 33 8 4
 33 9 3
 33 10 3
 33 11 3
 33 12 4
 33 14 3
 33 15 4
 33 16 4
 33 18 4
 33 20 3
 33 22 4
 33 31 4
 33 32 4
 33 34 4
 33 37 4
 33 38 4
 33 40 5
 33 41 3
 33 43 3
 33 45 3
 33 46 3
 34 2 4
 34 7 4
 34 8 5
 34 10 3
 34 13 3
 34 16 3
 34 18 4
 34 20 3
 34 23 3
 34 25 3
 34 26 3
 34 27 4
 34 28 4
 34 29 4
 34 31 5
 34 33 5
 34 37 5
 34 38 3
 34 40 4
 34 42 4
 34 43 4
 35 2 5
 35 7 5
 35 13 3
 35 14 3
 35 18 4
 35 20 4
 35 27 4
 35 29 4
 35 38 5
 36 2 3
 36 5 5
 36 6 5
 36 17 4
 36 18 3
 36 19 5
 36 20 3
 36 21 4
 36 23 5
 36 25 5
 36 26 5
 36 28 5
 36 29 3
 36 39 5
 36 44 5
 36 45 5
 37 1 5
 37 2 3
 37 8 5
 37 9 3
 37 10 4
 37 12 5
 37 18 4
 37 31 5
 37 32 2
 37 33 4
 37 34 4
 37 40 4
 37 43 3
 38 2 4
 38 4 4
 38 5 3
 38 6 3
 38 7 4
 38 8 4
 38 11 5
 38 13 4
 38 14 4
 38 18 4
 38 19 4
 38 20 4
 38 22 4
 38 23 4
 38 26 3
 38 28 3
 38 29 4
 38 31 4
 38 33 4
 38 34 4
 38 35 4
 38 41 4
 38 44 3
 38 45 3
 39 5 4
 39 6 5
 39 13 2
 39 17 3
 39 19 5
 39 20 3
 39 21 3
 39 23 4
 39 25 4
 39 26 4
 39 27 2
 39 28 4
 39 29 2
 39 35 3
 39 36 4
 39 44 4
 39 45 5
 40 1 5
 40 2 5
 40 4 5
 40 8 5
 40 9 3
 40 12 4
 40 15 5
 40 16 4
 40 18 4
 40 20 3
 40 22 5
 40 31 5
 40 32 4
 40 33 5
 40 34 5
 40 37 5
 40 43 4
 41 1 4
 41 2 5
 41 8 5
 41 10 4
 41 12 4
 41 14 5
 41 20 4
 41 31 4
 41 33 4
 41 34 4
 41 37 4
 41 38 5
 41 42 4
 41 43 5
 42 8 4
 42 10 3
 42 28 3
 42 31 3
 42 33 4
 42 34 5
 42 37 4
 42 41 4
 42 43 4
 43 2 4
 43 8 5
 43 12 4
 43 15 4
 43 20 4
 43 33 5
 43 34 5
 43 37 4
 43 41 4
 43 42 4
 44 5 5
 44 6 5
 44 7 3
 44 11 3
 44 13 3
 44 17 5
 44 18 3
 44 19 5
 44 20 3
 44 21 3
 44 23 5
 44 25 5
 44 26 5
 44 27 3
 44 28 4
 44 29 3
 44 33 3
 44 34 3
 44 36 5
 44 38 3
 44 39 5
 44 41 3
 44 42 3
 44 43 3
 44 45 5
 45 1 3
 45 2 3
 45 4 3
 45 5 5
 45 6 5
 45 7 4
 45 8 3
 45 11 4
 45 12 4
 45 13 4
 45 14 4
 45 17 5
 45 18 4
 45 19 5
 45 20 5
 45 21 5
 45 22 3
 45 23 5
 45 25 5
 45 26 5
 45 27 4
 45 28 5
 45 29 4
 45 31 4
 45 33 3
 45 34 3
 45 35 3
 45 38 4
 45 39 5
 45 42 3
 45 44 5
 46 1 4
 46 3 4
 46 8 2
 46 9 3
 46 12 5
 46 22 1
 46 32 3
 46 33 2
 46 34 1
 46 37 1
 46 43 1
