 1 2 5
 1 3 1
 1 5 1
 1 6 1
 1 9 5
 1 11 4
 1 12 5
 1 13 4
 1 15 5
 1 16 5
 1 17 1
 2 1 6
 2 5 1
 2 6 1
 2 7 4
 2 8 2
 2 9 3
 2 11 2
 2 12 5
 2 13 3
 2 15 5
 2 16 1
 2 17 1
 3 1 1
 3 2 2
 3 4 5
 3 5 6
 3 6 5
 3 7 5
 3 8 5
 3 9 4
 3 10 3
 3 11 3
 3 12 4
 3 13 5
 3 14 2
 3 15 6
 3 16 5
 3 17 4
 3 18 1
 3 52 1
 3 55 2
 3 68 2
 3 75 1
 4 1 1
 4 2 1
 4 3 4
 4 5 5
 4 6 3
 4 7 5
 4 8 1
 4 9 2
 4 10 2
 4 11 1
 4 12 4
 4 13 5
 4 14 1
 4 15 4
 4 16 4
 4 17 1
 4 18 4
 4 21 3
 4 48 1
 4 53 1
 4 55 2
 4 58 1
 4 60 4
 5 1 1
 5 2 1
 5 3 6
 5 4 4
 5 6 3
 5 7 5
 5 8 4
 5 9 3
 5 10 2
 5 11 2
 5 12 2
 5 13 3
 5 14 1
 5 15 3
 5 16 5
 5 17 3
 5 18 1
 5 21 1
 5 23 1
 5 48 1
 5 49 1
 5 50 1
 5 53 1
 5 55 3
 5 56 1
 5 57 1
 5 58 1
 5 59 1
 5 60 3
 5 68 1
 6 1 1
 6 2 1
 6 3 3
 6 4 5
 6 5 5
 6 7 6
 6 8 1
 6 9 1
 6 10 3
 6 11 1
 6 12 2
 6 13 5
 6 14 1
 6 15 6
 6 16 4
 6 17 4
 6 18 1
 6 21 1
 6 23 1
 6 38 1
 6 40 1
 6 55 1
 6 56 1
 6 58 1
 6 59 1
 6 60 2
 6 62 1
 6 67 1
 6 68 2
 6 69 1
 6 71 1
 6 75 1
 7 1 1
 7 2 1
 7 3 4
 7 4 4
 7 5 4
 7 6 2
 7 8 4
 7 9 1
 7 10 2
 7 11 2
 7 12 4
 7 13 6
 7 14 2
 7 15 6
 7 16 2
 7 17 3
 7 18 1
 7 21 1
 7 23 2
 7 45 1
 7 55 4
 7 60 1
 7 68 2
 7 75 1
 8 2 2
 8 3 5
 8 4 2
 8 5 4
 8 6 2
 8 7 4
 8 9 1
 8 11 3
 8 13 6
 8 15 3
 8 16 4
 8 27 3
 8 68 2
 9 1 5
 9 2 4
 9 3 5
 9 4 4
 9 5 4
 9 6 3
 9 7 3
 9 8 3
 9 10 5
 9 11 5
 9 12 6
 9 13 4
 9 14 5
 9 15 4
 9 16 5
 9 17 5
 9 27 3
 9 28 4
 9 34 4
 9 35 4
 9 44 4
 9 55 1
 9 68 2
 9 71 5
 9 74 2
 10 3 3
 10 4 3
 10 5 2
 10 6 3
 10 7 3
 10 8 2
 10 9 3
 10 11 1
 10 12 1
 10 13 3
 10 14 1
 10 15 2
 10 16 1
 10 17 1
 10 18 1
 10 23 1
 10 44 1
 10 45 1
 10 55 1
 10 56 1
 10 65 2
 10 68 2
 10 75 2
 10 77 2
 11 1 2
 11 2 2
 11 3 4
 11 4 3
 11 5 3
 11 6 4
 11 7 4
 11 8 3
 11 9 4
 11 10 3
 11 12 4
 11 13 5
 11 14 5
 11 15 5
 11 16 3
 11 17 3
 11 18 1
 11 23 2
 11 27 1
 11 29 1
 11 38 3
 11 40 4
 11 41 1
 11 52 1
 11 55 1
 11 59 1
 12 1 5
 12 2 5
 12 3 3
 12 4 3
 12 5 3
 12 6 3
 12 7 3
 12 8 1
 12 9 5
 12 10 1
 12 11 1
 12 13 6
 12 14 1
 12 15 6
 12 16 2
 12 17 5
 12 35 1
 12 47 1
 12 52 1
 12 68 1
 12 71 1
 13 1 2
 13 2 2
 13 3 4
 13 4 5
 13 5 4
 13 6 5
 13 7 6
 13 8 6
 13 9 2
 13 10 2
 13 11 4
 13 12 6
 13 14 2
 13 15 6
 13 16 3
 13 17 5
 13 18 5
 13 20 1
 13 21 2
 13 22 1
 13 23 5
 13 26 1
 13 27 1
 13 28 1
 13 29 5
 13 35 2
 13 36 2
 13 38 2
 13 40 4
 13 41 2
 13 45 1
 13 46 2
 13 47 4
 13 48 1
 13 50 1
 13 52 2
 13 54 2
 13 55 6
 13 56 6
 13 58 3
 13 59 1
 13 60 6
 13 62 1
 13 65 1
 13 68 6
 13 69 3
 13 71 2
 13 75 2
 13 77 1
 14 1 1
 14 2 1
 14 3 4
 14 4 4
 14 5 4
 14 6 3
 14 7 3
 14 8 3
 14 9 4
 14 10 2
 14 11 5
 14 12 3
 14 13 5
 14 15 5
 14 16 4
 14 17 2
 14 18 1
 14 20 4
 14 23 4
 14 29 1
 14 38 4
 14 40 5
 14 41 4
 14 52 1
 14 55 2
 14 56 1
 14 59 1
 14 60 1
 14 61 1
 14 68 3
 14 75 3
 14 77 1
 15 1 2
 15 2 2
 15 3 3
 15 4 4
 15 5 4
 15 6 5
 15 7 6
 15 8 4
 15 9 3
 15 10 1
 15 11 3
 15 12 4
 15 13 6
 15 14 2
 15 16 3
 15 17 4
 15 18 2
 15 19 1
 15 20 1
 15 21 2
 15 22 1
 15 23 2
 15 24 1
 15 25 1
 15 26 1
 15 27 3
 15 28 1
 15 29 3
 15 30 1
 15 31 1
 15 32 1
 15 33 1
 15 34 1
 15 35 1
 15 36 1
 15 37 1
 15 38 1
 15 39 1
 15 40 1
 15 41 1
 15 42 1
 15 43 1
 15 44 1
 15 45 1
 15 46 1
 15 47 2
 15 48 1
 15 49 1
 15 50 1
 15 51 1
 15 52 1
 15 53 1
 15 54 2
 15 55 2
 15 56 3
 15 57 1
 15 58 1
 15 59 1
 15 60 2
 15 61 1
 15 62 1
 15 63 1
 15 64 1
 15 65 1
 15 66 1
 15 67 1
 15 68 4
 15 69 3
 15 70 1
 15 71 1
 15 72 1
 15 73 1
 15 74 1
 15 75 1
 15 76 1
 15 77 1
 16 1 2
 16 2 2
 16 3 5
 16 4 5
 16 5 5
 16 6 4
 16 7 4
 16 8 5
 16 9 5
 16 10 3
 16 11 3
 16 12 6
 16 13 5
 16 14 4
 16 15 4
 16 17 4
 16 55 5
 16 57 3
 16 58 4
 16 60 5
 16 71 5
 17 9 3
 17 12 5
 17 13 5
 17 15 5
 17 16 5
 17 47 3
 18 4 5
 18 5 2
 18 6 1
 18 7 1
 18 9 1
 18 11 1
 18 12 1
 18 13 5
 18 14 1
 18 15 2
 18 19 2
 18 20 6
 18 21 6
 18 22 4
 18 23 6
 18 24 2
 18 25 4
 18 26 2
 18 27 4
 18 28 3
 18 29 6
 18 30 2
 18 31 2
 18 32 3
 18 33 2
 18 34 3
 18 35 3
 18 36 3
 18 37 6
 18 38 3
 18 39 2
 18 40 3
 18 41 3
 18 42 3
 18 43 3
 18 44 3
 18 47 1
 18 48 1
 18 49 1
 18 50 1
 18 53 1
 18 54 2
 18 55 3
 18 56 2
 18 57 1
 18 58 2
 18 59 1
 18 60 6
 18 61 1
 18 68 3
 18 75 1
 19 18 1
 19 20 1
 19 21 1
 19 22 1
 19 23 1
 19 24 5
 19 25 2
 19 26 4
 19 27 1
 19 28 5
 19 29 3
 19 30 1
 19 31 1
 19 32 2
 19 33 1
 19 34 1
 19 35 2
 19 36 1
 19 37 1
 19 38 1
 19 39 1
 19 40 1
 19 41 1
 19 42 1
 19 43 1
 19 44 6
 19 65 2
 19 72 1
 20 9 1
 20 11 2
 20 12 1
 20 13 1
 20 14 4
 20 15 1
 20 18 4
 20 19 3
 20 21 3
 20 22 1
 20 23 5
 20 24 3
 20 25 2
 20 26 3
 20 27 1
 20 28 3
 20 29 3
 20 30 1
 20 31 1
 20 32 3
 20 33 2
 20 34 2
 20 35 3
 20 36 3
 20 37 5
 20 38 4
 20 39 1
 20 40 4
 20 41 2
 20 42 1
 20 43 1
 20 44 1
 20 52 1
 20 54 1
 20 61 1
 20 68 1
 20 70 1
 20 71 1
 21 4 4
 21 5 3
 21 6 1
 21 7 2
 21 12 1
 21 13 2
 21 15 4
 21 18 5
 21 19 2
 21 20 4
 21 22 4
 21 23 5
 21 24 2
 21 25 4
 21 26 4
 21 27 2
 21 28 2
 21 29 4
 21 30 2
 21 31 2
 21 32 2
 21 33 2
 21 34 2
 21 35 2
 21 36 2
 21 37 4
 21 38 4
 21 39 2
 21 40 4
 21 41 4
 21 42 2
 21 43 2
 21 44 2
 21 47 2
 21 50 1
 21 54 1
 21 55 1
 21 58 1
 21 59 1
 21 60 4
 21 68 2
 22 10 1
 22 11 1
 22 13 2
 22 18 2
 22 19 4
 22 20 2
 22 21 4
 22 23 5
 22 24 4
 22 25 6
 22 26 2
 22 27 2
 22 28 5
 22 29 4
 22 30 3
 22 31 2
 22 32 4
 22 33 1
 22 34 1
 22 35 1
 22 36 2
 22 37 1
 22 38 2
 22 39 3
 22 40 3
 22 41 3
 22 42 1
 22 43 1
 22 44 1
 22 54 1
 22 55 1
 22 56 1
 22 68 2
 23 5 1
 23 7 1
 23 9 1
 23 10 1
 23 11 4
 23 12 1
 23 13 5
 23 14 5
 23 15 4
 23 18 6
 23 19 3
 23 20 6
 23 21 6
 23 22 6
 23 24 3
 23 25 6
 23 26 3
 23 27 4
 23 28 3
 23 29 6
 23 30 4
 23 31 3
 23 32 6
 23 33 3
 23 34 3
 23 35 4
 23 36 4
 23 37 6
 23 38 6
 23 39 3
 23 40 6
 23 41 6
 23 42 3
 23 43 3
 23 44 3
 23 55 1
 23 56 1
 23 58 1
 23 61 1
 23 68 5
 23 69 1
 23 70 1
 23 71 1
 23 75 1
 23 77 1
 24 18 2
 24 19 6
 24 20 3
 24 21 2
 24 22 4
 24 23 2
 24 25 4
 24 26 5
 24 27 3
 24 28 5
 24 29 5
 24 30 5
 24 31 4
 24 32 6
 24 33 4
 24 34 4
 24 35 4
 24 36 4
 24 37 4
 24 38 4
 24 39 5
 24 40 4
 24 41 3
 24 42 4
 24 43 3
 24 44 4
 25 13 1
 25 15 1
 25 18 4
 25 19 5
 25 20 4
 25 21 3
 25 22 6
 25 23 6
 25 24 4
 25 26 5
 25 27 3
 25 28 5
 25 29 4
 25 30 2
 25 31 2
 25 32 4
 25 33 1
 25 34 3
 25 35 5
 25 36 1
 25 37 1
 25 38 3
 25 39 1
 25 40 2
 25 41 1
 25 42 1
 25 43 1
 25 44 1
 25 47 1
 25 54 2
 25 55 1
 25 63 1
 25 70 2
 26 18 2
 26 19 4
 26 20 2
 26 21 3
 26 22 1
 26 23 1
 26 24 2
 26 25 3
 26 27 3
 26 28 3
 26 29 4
 26 30 2
 26 31 2
 26 32 2
 26 33 2
 26 34 4
 26 35 5
 26 36 2
 26 37 2
 26 38 2
 26 39 2
 26 40 2
 26 41 2
 26 42 5
 26 43 3
 26 44 4
 26 47 1
 26 54 2
 27 8 2
 27 9 4
 27 11 1
 27 13 2
 27 15 2
 27 18 3
 27 19 2
 27 20 1
 27 21 2
 27 22 2
 27 23 1
 27 24 1
 27 25 1
 27 26 3
 27 28 6
 27 29 6
 27 30 3
 27 31 1
 27 32 2
 27 33 4
 27 34 6
 27 35 2
 27 36 2
 27 37 1
 27 38 1
 27 39 6
 27 40 4
 27 41 2
 27 42 1
 27 43 2
 27 44 1
 27 61 1
 27 62 1
 27 63 2
 27 64 1
 27 65 3
 28 1 1
 28 2 1
 28 3 1
 28 4 1
 28 5 1
 28 6 1
 28 7 1
 28 8 1
 28 9 3
 28 10 1
 28 11 1
 28 12 1
 28 13 3
 28 14 1
 28 15 2
 28 16 1
 28 17 1
 28 18 2
 28 19 6
 28 20 2
 28 21 2
 28 22 3
 28 23 2
 28 24 4
 28 25 3
 28 26 4
 28 27 5
 28 29 5
 28 30 4
 28 31 3
 28 32 3
 28 33 3
 28 34 5
 28 35 3
 28 36 3
 28 37 2
 28 38 2
 28 39 3
 28 40 2
 28 41 2
 28 42 3
 28 43 2
 28 44 3
 28 45 1
 28 46 1
 28 47 1
 28 48 1
 28 49 1
 28 50 1
 28 51 1
 28 52 1
 28 53 1
 28 54 1
 28 55 1
 28 56 2
 28 57 1
 28 58 1
 28 59 1
 28 60 1
 28 61 1
 28 62 1
 28 63 1
 28 64 1
 28 65 5
 28 66 1
 28 67 1
 28 68 5
 28 69 1
 28 70 1
 28 71 1
 28 72 1
 28 73 1
 28 74 1
 28 75 1
 28 76 1
 28 77 1
 29 9 1
 29 11 1
 29 13 4
 29 15 3
 29 18 6
 29 19 6
 29 20 6
 29 21 6
 29 22 6
 29 23 6
 29 24 6
 29 25 6
 29 26 6
 29 27 6
 29 28 6
 29 30 6
 29 31 6
 29 32 6
 29 33 6
 29 34 6
 29 35 6
 29 36 6
 29 37 6
 29 38 6
 29 39 6
 29 40 6
 29 41 6
 29 42 6
 29 43 6
 29 44 6
 29 47 3
 29 54 4
 29 56 3
 29 61 2
 29 62 1
 29 63 1
 29 64 1
 29 65 2
 29 66 1
 29 68 6
 29 69 4
 29 70 2
 29 74 3
 29 77 3
 30 7 1
 30 9 1
 30 11 1
 30 13 3
 30 15 1
 30 18 2
 30 19 1
 30 20 1
 30 21 1
 30 22 3
 30 23 3
 30 24 2
 30 25 1
 30 26 1
 30 27 3
 30 28 5
 30 29 5
 30 31 3
 30 32 2
 30 33 1
 30 34 2
 30 35 3
 30 36 2
 30 37 1
 30 38 1
 30 39 3
 30 40 2
 30 41 4
 30 42 2
 30 43 4
 30 44 4
 30 47 1
 30 54 1
 30 56 1
 30 61 2
 30 62 2
 30 63 1
 30 64 1
 30 65 1
 30 68 4
 30 69 2
 30 70 2
 30 75 1
 30 77 2
 31 18 2
 31 19 4
 31 20 3
 31 21 2
 31 22 2
 31 23 1
 31 24 3
 31 25 4
 31 26 4
 31 27 3
 31 28 4
 31 29 3
 31 30 5
 31 32 2
 31 33 3
 31 34 4
 31 35 3
 31 36 3
 31 37 2
 31 38 3
 31 39 3
 31 40 3
 31 41 6
 31 42 3
 31 43 3
 31 44 4
 31 61 2
 31 62 4
 31 64 4
 31 65 3
 31 68 4
 31 70 2
 31 72 3
 31 75 1
 32 18 2
 32 19 6
 32 20 4
 32 21 1
 32 22 2
 32 23 4
 32 24 6
 32 25 4
 32 26 1
 32 27 4
 32 28 5
 32 29 5
 32 30 2
 32 31 4
 32 33 4
 32 34 4
 32 35 2
 32 36 4
 32 37 3
 32 38 2
 32 39 4
 32 40 3
 32 41 4
 32 42 2
 32 43 3
 32 44 3
 33 19 5
 33 20 2
 33 24 5
 33 26 2
 33 27 3
 33 28 4
 33 29 1
 33 31 4
 33 34 6
 33 35 1
 33 36 2
 33 37 2
 33 39 4
 33 42 3
 33 44 4
 34 9 2
 34 18 1
 34 19 4
 34 20 1
 34 21 1
 34 22 1
 34 23 1
 34 24 4
 34 25 1
 34 26 4
 34 27 6
 34 28 6
 34 29 4
 34 30 3
 34 31 2
 34 32 3
 34 33 5
 34 35 4
 34 36 3
 34 37 1
 34 38 2
 34 39 1
 34 40 2
 34 41 1
 34 42 1
 34 43 4
 34 44 6
 34 68 3
 35 6 2
 35 9 3
 35 12 2
 35 13 3
 35 15 1
 35 17 1
 35 18 2
 35 19 5
 35 20 3
 35 21 3
 35 22 4
 35 23 5
 35 24 3
 35 25 5
 35 26 6
 35 27 5
 35 28 5
 35 29 5
 35 30 5
 35 31 3
 35 32 3
 35 33 3
 35 34 5
 35 36 3
 35 37 2
 35 38 2
 35 39 4
 35 40 2
 35 41 2
 35 42 6
 35 43 4
 35 44 5
 35 47 4
 35 50 2
 35 54 6
 35 56 1
 35 61 1
 35 63 1
 35 64 1
 35 65 1
 35 68 3
 35 69 2
 35 70 1
 35 71 1
 36 18 3
 36 19 1
 36 20 2
 36 21 1
 36 22 1
 36 23 5
 36 24 1
 36 25 1
 36 26 1
 36 27 5
 36 28 3
 36 29 6
 36 30 5
 36 31 2
 36 32 2
 36 33 1
 36 34 1
 36 35 5
 36 37 1
 36 38 3
 36 39 1
 36 40 3
 36 41 2
 36 42 1
 36 43 2
 36 44 2
 36 62 1
 37 13 1
 37 14 1
 37 15 1
 37 18 6
 37 19 1
 37 20 5
 37 21 3
 37 22 2
 37 23 5
 37 24 1
 37 25 1
 37 26 1
 37 27 1
 37 28 1
 37 29 4
 37 30 1
 37 31 1
 37 32 3
 37 33 1
 37 34 1
 37 35 1
 37 36 3
 37 38 3
 37 39 1
 37 40 3
 37 41 3
 37 42 1
 37 43 1
 37 44 1
 37 54 1
 37 68 1
 38 6 1
 38 11 2
 38 14 4
 38 15 1
 38 18 5
 38 19 4
 38 20 6
 38 21 4
 38 22 4
 38 23 6
 38 24 4
 38 25 4
 38 26 4
 38 27 4
 38 28 4
 38 29 4
 38 30 4
 38 31 4
 38 32 5
 38 33 4
 38 34 4
 38 35 4
 38 36 4
 38 37 4
 38 39 4
 38 40 6
 38 41 6
 38 42 4
 38 43 4
 38 44 4
 38 54 1
 38 61 2
 38 62 1
 38 68 1
 38 70 1
 39 18 1
 39 19 3
 39 20 1
 39 21 1
 39 22 3
 39 23 1
 39 24 2
 39 25 2
 39 26 4
 39 27 6
 39 28 6
 39 29 2
 39 30 2
 39 31 4
 39 32 2
 39 33 2
 39 34 3
 39 35 2
 39 36 1
 39 37 1
 39 38 1
 39 40 1
 39 41 1
 39 42 1
 39 43 2
 39 44 2
 39 54 1
 39 68 1
 39 70 1
 40 6 4
 40 11 5
 40 13 5
 40 14 6
 40 15 4
 40 18 6
 40 19 5
 40 20 6
 40 21 6
 40 22 5
 40 23 6
 40 24 4
 40 25 4
 40 26 4
 40 27 5
 40 28 4
 40 29 5
 40 30 4
 40 31 4
 40 32 5
 40 33 4
 40 34 4
 40 35 4
 40 36 5
 40 37 4
 40 38 6
 40 39 4
 40 41 5
 40 42 4
 40 43 5
 40 44 4
 40 54 3
 40 61 2
 40 68 4
 40 75 2
 41 11 1
 41 15 1
 41 18 4
 41 19 3
 41 20 4
 41 21 5
 41 22 4
 41 23 5
 41 24 2
 41 25 4
 41 26 3
 41 27 3
 41 28 4
 41 29 5
 41 30 5
 41 31 6
 41 32 4
 41 33 3
 41 34 3
 41 35 3
 41 36 5
 41 37 4
 41 38 5
 41 39 3
 41 40 5
 41 42 3
 41 43 4
 41 44 4
 41 54 1
 41 61 2
 41 62 5
 41 64 4
 41 68 4
 41 69 3
 41 70 2
 41 71 3
 41 72 4
 41 75 2
 41 77 1
 42 18 2
 42 19 3
 42 20 4
 42 21 4
 42 22 2
 42 23 2
 42 24 3
 42 25 4
 42 26 6
 42 27 4
 42 28 4
 42 29 6
 42 30 6
 42 31 3
 42 32 4
 42 33 2
 42 34 3
 42 35 6
 42 36 5
 42 37 2
 42 38 4
 42 39 2
 42 40 2
 42 41 2
 42 43 4
 42 44 4
 42 47 3
 42 54 6
 43 11 1
 43 18 3
 43 19 1
 43 20 2
 43 21 3
 43 22 2
 43 23 4
 43 24 2
 43 25 2
 43 26 4
 43 27 6
 43 28 4
 43 29 6
 43 30 6
 43 31 3
 43 32 2
 43 33 1
 43 34 6
 43 35 5
 43 36 6
 43 37 2
 43 38 3
 43 39 2
 43 40 6
 43 41 4
 43 42 3
 43 44 4
 43 47 1
 43 54 1
 43 61 3
 43 64 1
 43 65 3
 43 68 3
 44 9 5
 44 13 1
 44 15 1
 44 18 4
 44 19 6
 44 20 3
 44 21 2
 44 22 2
 44 23 3
 44 24 2
 44 25 2
 44 26 4
 44 27 4
 44 28 4
 44 29 5
 44 30 5
 44 31 3
 44 32 3
 44 33 2
 44 34 4
 44 35 3
 44 36 2
 44 37 1
 44 38 3
 44 39 2
 44 40 2
 44 41 3
 44 42 2
 44 43 3
 44 47 2
 44 51 1
 44 54 1
 44 61 1
 44 62 1
 44 65 4
 44 67 1
 44 68 4
 44 77 1
 45 4 1
 45 7 1
 45 13 3
 45 46 5
 45 47 2
 45 48 2
 45 49 1
 45 50 6
 45 51 4
 45 52 5
 45 53 1
 45 54 1
 45 55 6
 45 56 6
 45 57 6
 45 58 1
 45 59 3
 45 60 3
 46 45 3
 46 47 3
 46 48 2
 46 50 4
 46 52 1
 46 53 1
 46 55 4
 46 56 4
 46 57 1
 46 58 1
 46 59 2
 46 60 2
 47 12 2
 47 13 4
 47 15 1
 47 17 1
 47 21 3
 47 26 4
 47 29 2
 47 35 4
 47 42 4
 47 45 1
 47 46 1
 47 48 4
 47 49 1
 47 50 4
 47 51 3
 47 52 1
 47 53 1
 47 54 6
 47 55 3
 47 56 2
 47 57 3
 47 58 3
 47 59 1
 47 60 1
 47 68 3
 48 4 2
 48 45 1
 48 46 1
 48 47 2
 48 49 3
 48 50 1
 48 51 3
 48 52 2
 48 53 6
 48 54 4
 48 55 2
 48 56 3
 48 57 2
 48 58 4
 48 60 5
 48 68 2
 48 71 2
 49 1 1
 49 2 1
 49 3 1
 49 4 1
 49 5 1
 49 6 1
 49 7 1
 49 8 1
 49 9 1
 49 10 1
 49 11 1
 49 12 1
 49 13 4
 49 14 1
 49 15 1
 49 16 1
 49 17 1
 49 18 1
 49 19 1
 49 20 1
 49 21 1
 49 22 1
 49 23 1
 49 24 1
 49 25 1
 49 26 1
 49 27 1
 49 28 1
 49 29 1
 49 30 1
 49 31 1
 49 32 1
 49 33 1
 49 34 1
 49 35 1
 49 36 1
 49 37 1
 49 38 1
 49 39 1
 49 40 1
 49 41 1
 49 42 1
 49 43 1
 49 44 1
 49 45 4
 49 46 3
 49 47 3
 49 48 6
 49 50 3
 49 51 6
 49 52 6
 49 53 6
 49 54 5
 49 55 4
 49 56 6
 49 57 6
 49 58 6
 49 59 3
 49 60 6
 49 61 1
 49 62 1
 49 63 1
 49 64 1
 49 65 1
 49 66 1
 49 67 1
 49 68 6
 49 69 1
 49 70 1
 49 71 1
 49 72 1
 49 73 1
 49 74 1
 49 75 1
 49 76 1
 49 77 1
 50 12 1
 50 13 1
 50 18 1
 50 21 3
 50 29 1
 50 35 2
 50 45 6
 50 46 6
 50 47 6
 50 48 1
 50 49 2
 50 52 3
 50 53 3
 50 54 4
 50 55 6
 50 56 5
 50 57 6
 50 58 3
 50 59 5
 50 60 3
 51 45 3
 51 46 1
 51 47 3
 51 48 2
 51 49 3
 51 50 2
 51 52 6
 51 53 3
 51 54 4
 51 55 3
 51 56 5
 51 57 5
 51 58 5
 51 59 1
 51 60 2
 51 68 1
 52 7 2
 52 11 1
 52 12 1
 52 13 2
 52 15 1
 52 45 4
 52 47 4
 52 48 4
 52 49 4
 52 51 5
 52 53 5
 52 54 3
 52 55 4
 52 56 5
 52 57 5
 52 58 5
 52 59 3
 52 60 3
 52 71 1
 53 45 1
 53 46 1
 53 47 1
 53 48 6
 53 49 3
 53 50 1
 53 51 1
 53 52 1
 53 54 3
 53 55 1
 53 56 2
 53 57 1
 53 58 2
 53 59 1
 53 60 3
 54 13 1
 54 15 1
 54 18 1
 54 19 1
 54 20 1
 54 21 2
 54 22 1
 54 23 1
 54 24 1
 54 25 1
 54 26 5
 54 27 1
 54 28 1
 54 29 4
 54 30 1
 54 31 1
 54 32 1
 54 33 1
 54 34 1
 54 35 6
 54 36 1
 54 37 1
 54 38 1
 54 39 1
 54 40 1
 54 41 1
 54 42 6
 54 43 1
 54 44 1
 54 45 1
 54 47 6
 54 48 4
 54 49 1
 54 50 1
 54 51 2
 54 52 2
 54 53 2
 54 55 1
 54 56 4
 54 57 1
 54 58 4
 54 59 1
 54 60 1
 54 64 1
 54 67 1
 54 68 3
 54 71 1
 55 3 1
 55 4 3
 55 5 4
 55 6 3
 55 7 3
 55 8 3
 55 9 1
 55 10 1
 55 11 1
 55 12 1
 55 13 6
 55 14 1
 55 15 4
 55 16 4
 55 17 1
 55 18 2
 55 21 1
 55 23 2
 55 45 6
 55 46 6
 55 47 5
 55 48 5
 55 49 3
 55 50 6
 55 51 4
 55 52 5
 55 53 3
 55 54 2
 55 56 6
 55 57 5
 55 58 5
 55 59 6
 55 60 5
 55 68 4
 55 69 3
 55 75 2
 56 13 5
 56 15 3
 56 18 1
 56 29 1
 56 45 4
 56 46 4
 56 47 4
 56 48 5
 56 49 4
 56 50 4
 56 51 5
 56 52 5
 56 53 4
 56 54 5
 56 55 6
 56 57 4
 56 58 6
 56 59 4
 56 60 6
 56 68 5
 56 69 2
 57 4 1
 57 45 6
 57 46 1
 57 47 4
 57 48 1
 57 49 2
 57 50 4
 57 51 5
 57 52 5
 57 53 2
 57 54 1
 57 55 4
 57 56 6
 57 58 5
 57 59 1
 57 60 1
 57 62 1
 57 65 1
 57 68 1
 57 71 1
 58 13 2
 58 15 1
 58 23 1
 58 45 2
 58 46 2
 58 47 2
 58 48 6
 58 49 6
 58 50 2
 58 51 6
 58 52 6
 58 53 5
 58 54 4
 58 55 5
 58 56 6
 58 57 5
 58 59 3
 58 60 6
 58 68 1
 59 45 2
 59 46 2
 59 50 3
 59 52 2
 59 55 4
 59 56 4
 59 60 3
 60 45 1
 60 46 1
 60 47 1
 60 48 4
 60 49 1
 60 50 1
 60 51 1
 60 52 1
 60 53 1
 60 54 1
 60 55 5
 60 56 5
 60 57 1
 60 58 6
 60 59 1
 60 68 2
 61 9 1
 61 11 1
 61 23 2
 61 27 1
 61 29 3
 61 30 3
 61 31 3
 61 34 1
 61 36 1
 61 40 1
 61 41 3
 61 43 3
 61 44 1
 61 62 3
 61 63 1
 61 64 2
 61 65 1
 61 66 4
 61 67 2
 61 68 4
 61 69 4
 61 70 1
 61 71 1
 61 72 3
 61 73 2
 61 74 1
 61 75 2
 61 76 1
 61 77 3
 62 31 2
 62 41 5
 62 61 1
 62 63 2
 62 64 4
 62 65 3
 62 66 1
 62 67 1
 62 68 5
 62 69 1
 62 70 1
 62 71 3
 62 72 4
 62 73 1
 62 74 1
 62 75 2
 62 76 1
 62 77 3
 63 13 1
 63 27 1
 63 34 1
 63 61 2
 63 62 4
 63 64 5
 63 65 5
 63 66 4
 63 67 5
 63 68 6
 63 69 6
 63 70 3
 63 71 6
 63 72 5
 63 73 6
 63 74 6
 63 75 5
 63 76 6
 63 77 4
 64 13 1
 64 41 2
 64 61 1
 64 62 6
 64 63 6
 64 65 4
 64 66 3
 64 67 3
 64 68 3
 64 69 3
 64 71 3
 64 72 2
 64 73 2
 64 74 3
 64 75 1
 64 76 3
 64 77 2
 65 19 2
 65 27 1
 65 28 3
 65 44 1
 65 51 1
 65 57 1
 65 61 1
 65 62 2
 65 63 2
 65 64 2
 65 66 1
 65 67 1
 65 68 3
 65 69 2
 65 70 1
 65 71 3
 65 72 3
 65 73 1
 65 74 2
 65 75 1
 65 76 1
 65 77 3
 66 11 1
 66 13 1
 66 29 1
 66 61 3
 66 62 4
 66 63 3
 66 64 2
 66 65 3
 66 67 6
 66 68 5
 66 69 4
 66 70 2
 66 71 2
 66 72 2
 66 73 3
 66 74 2
 66 75 6
 66 76 4
 66 77 4
 67 61 1
 67 62 2
 67 63 2
 67 64 2
 67 65 3
 67 66 6
 67 68 5
 67 69 2
 67 70 1
 67 71 2
 67 72 6
 67 73 2
 67 74 2
 67 75 4
 67 76 2
 67 77 3
 68 1 1
 68 2 1
 68 3 1
 68 4 1
 68 5 1
 68 6 2
 68 7 1
 68 8 1
 68 9 2
 68 10 2
 68 11 3
 68 12 2
 68 13 6
 68 14 2
 68 15 5
 68 16 1
 68 17 2
 68 18 2
 68 19 1
 68 20 1
 68 21 1
 68 22 1
 68 23 5
 68 24 1
 68 25 1
 68 26 1
 68 27 6
 68 28 5
 68 29 6
 68 30 6
 68 31 4
 68 32 4
 68 33 3
 68 34 4
 68 35 3
 68 36 1
 68 37 1
 68 38 1
 68 39 2
 68 40 2
 68 41 6
 68 42 1
 68 43 4
 68 44 6
 68 45 1
 68 46 1
 68 47 3
 68 48 4
 68 49 1
 68 50 1
 68 51 2
 68 52 1
 68 53 2
 68 54 3
 68 55 3
 68 56 6
 68 57 4
 68 58 3
 68 59 2
 68 60 1
 68 61 6
 68 62 6
 68 63 6
 68 64 6
 68 65 6
 68 66 6
 68 67 6
 68 69 6
 68 70 6
 68 71 6
 68 72 6
 68 73 6
 68 74 6
 68 75 6
 68 76 6
 68 77 6
 69 13 4
 69 15 2
 69 23 1
 69 29 4
 69 30 2
 69 41 1
 69 56 3
 69 61 2
 69 62 2
 69 63 6
 69 64 4
 69 65 5
 69 66 4
 69 67 3
 69 68 6
 69 70 3
 69 71 5
 69 72 5
 69 73 5
 69 74 5
 69 75 6
 69 76 6
 69 77 5
 70 62 4
 70 68 6
 70 75 6
 70 77 6
 71 9 4
 71 12 6
 71 13 3
 71 15 1
 71 16 2
 71 17 3
 71 20 2
 71 29 1
 71 30 1
 71 41 1
 71 48 1
 71 51 1
 71 52 2
 71 54 1
 71 57 1
 71 61 1
 71 62 5
 71 63 4
 71 64 4
 71 65 6
 71 66 2
 71 67 3
 71 68 4
 71 69 5
 71 72 2
 71 73 4
 71 74 5
 71 75 2
 71 76 3
 71 77 5
 72 31 4
 72 41 4
 72 61 1
 72 62 6
 72 63 3
 72 64 4
 72 65 6
 72 66 1
 72 67 4
 72 68 5
 72 69 5
 72 70 1
 72 71 3
 72 73 2
 72 74 2
 72 75 6
 72 76 3
 72 77 4
 74 1 1
 74 2 1
 74 3 1
 74 4 1
 74 5 1
 74 6 1
 74 7 1
 74 8 1
 74 9 1
 74 10 1
 74 11 1
 74 12 1
 74 13 1
 74 14 1
 74 15 1
 74 16 1
 74 17 1
 74 18 1
 74 19 1
 74 20 1
 74 21 1
 74 22 1
 74 23 1
 74 24 1
 74 25 1
 74 26 1
 74 27 1
 74 28 1
 74 29 1
 74 30 1
 74 31 1
 74 32 1
 74 33 1
 74 34 1
 74 35 1
 74 36 1
 74 37 1
 74 38 1
 74 39 1
 74 40 1
 74 41 1
 74 42 1
 74 43 1
 74 44 1
 74 45 1
 74 46 1
 74 47 1
 74 48 1
 74 49 1
 74 50 1
 74 51 1
 74 52 1
 74 53 1
 74 54 1
 74 55 1
 74 56 1
 74 57 1
 74 58 1
 74 59 1
 74 60 1
 74 61 1
 74 62 3
 74 63 6
 74 64 5
 74 65 5
 74 66 1
 74 67 3
 74 68 5
 74 69 5
 74 70 1
 74 71 4
 74 72 3
 74 73 6
 74 75 3
 74 76 6
 74 77 3
 75 10 2
 75 11 3
 75 13 4
 75 15 3
 75 23 2
 75 30 3
 75 41 4
 75 52 2
 75 55 2
 75 56 3
 75 61 4
 75 62 6
 75 63 2
 75 64 5
 75 65 5
 75 66 6
 75 67 6
 75 68 6
 75 69 6
 75 70 6
 75 71 4
 75 72 6
 75 73 5
 75 74 5
 75 76 3
 75 77 6
 76 61 1
 76 62 1
 76 63 6
 76 64 3
 76 65 2
 76 66 1
 76 67 1
 76 68 4
 76 69 4
 76 70 1
 76 71 3
 76 72 1
 76 73 4
 76 74 6
 76 75 1
 76 77 1
 77 10 2
 77 23 1
 77 29 1
 77 30 1
 77 41 1
 77 44 1
 77 48 1
 77 56 1
 77 61 1
 77 62 5
 77 63 2
 77 64 4
 77 65 2
 77 66 2
 77 67 5
 77 68 3
 77 69 3
 77 70 2
 77 71 3
 77 72 2
 77 73 1
 77 74 1
 77 75 4
 77 76 1
